6805_5#10,6899_6#22,7054_6#1,6731_6#9,6805_4#3,6899_6#6,6631_1#14,6731_2#22,6938_8#5,6823_2#14,6983_3#50,6823_4#11,6899_6#23,6823_6#2,6925_3#7,7054_5#19,7004_5#16,6972_3#2,6949_4#13,6925_4#24,6949_2#1,6972_2#7,6830_3#3,6753_3#22,6731_1#3,6753_3#2,6938_8#9,6736_5#17,6925_7#12
6805_5#10,0,5.61787642471506,8.61227754449105,Inf,Inf,Inf,Inf,Inf,Inf,Inf,Inf,Inf,Inf,Inf,Inf,Inf,Inf,Inf,Inf,Inf,Inf,Inf,Inf,Inf,Inf,Inf,Inf,Inf,Inf
6899_6#22,5.61787642471506,0,6.04739052189567,Inf,Inf,Inf,Inf,Inf,Inf,Inf,Inf,Inf,Inf,Inf,Inf,Inf,Inf,Inf,Inf,Inf,Inf,Inf,Inf,Inf,Inf,Inf,Inf,Inf,Inf
7054_6#1,8.61227754449105,6.04739052189567,0,Inf,Inf,Inf,Inf,Inf,Inf,Inf,Inf,Inf,Inf,Inf,Inf,Inf,Inf,Inf,Inf,Inf,Inf,Inf,Inf,Inf,Inf,Inf,Inf,Inf,Inf
6731_6#9,Inf,Inf,Inf,0,4.70845830833826,Inf,Inf,Inf,Inf,Inf,Inf,Inf,Inf,Inf,Inf,Inf,Inf,Inf,Inf,Inf,Inf,Inf,Inf,Inf,Inf,Inf,Inf,Inf,Inf
6805_4#3,Inf,Inf,Inf,4.70845830833826,0,Inf,Inf,Inf,Inf,Inf,Inf,Inf,Inf,Inf,Inf,Inf,Inf,Inf,Inf,Inf,Inf,Inf,Inf,Inf,Inf,Inf,Inf,Inf,Inf
6899_6#6,Inf,Inf,Inf,Inf,Inf,0,4.42991401719654,7.44611077784445,Inf,Inf,Inf,Inf,Inf,Inf,Inf,Inf,Inf,Inf,Inf,Inf,Inf,Inf,Inf,Inf,Inf,Inf,Inf,Inf,Inf
6631_1#14,Inf,Inf,Inf,Inf,Inf,4.42991401719654,0,3.01619676064792,Inf,Inf,Inf,Inf,Inf,Inf,Inf,Inf,Inf,Inf,Inf,Inf,Inf,Inf,Inf,Inf,Inf,Inf,Inf,Inf,Inf
6731_2#22,Inf,Inf,Inf,Inf,Inf,7.44611077784445,3.01619676064792,0,Inf,Inf,Inf,Inf,Inf,Inf,Inf,Inf,Inf,Inf,Inf,Inf,Inf,Inf,Inf,Inf,Inf,Inf,Inf,Inf,Inf
6938_8#5,Inf,Inf,Inf,Inf,Inf,Inf,Inf,Inf,0,11.747450509898,13.9824035192962,13.4541091781643,13.6522695460907,13.8390321935612,Inf,Inf,Inf,Inf,Inf,Inf,Inf,Inf,Inf,Inf,Inf,Inf,Inf,Inf,Inf
6823_2#14,Inf,Inf,Inf,Inf,Inf,Inf,Inf,Inf,11.747450509898,0,8.95760847830425,8.42931413717254,8.62747450509891,8.81423715256937,Inf,Inf,Inf,Inf,Inf,Inf,Inf,Inf,Inf,Inf,Inf,Inf,Inf,Inf,Inf
6983_3#50,Inf,Inf,Inf,Inf,Inf,Inf,Inf,Inf,13.9824035192962,8.95760847830425,0,4.13477304539083,8.34533093381318,8.53209358128371,Inf,Inf,Inf,Inf,Inf,Inf,Inf,Inf,Inf,Inf,Inf,Inf,Inf,Inf,Inf
6823_4#11,Inf,Inf,Inf,Inf,Inf,Inf,Inf,Inf,13.4541091781643,8.42931413717254,4.13477304539083,0,7.81703659268143,8.00379924015197,Inf,Inf,Inf,Inf,Inf,Inf,Inf,Inf,Inf,Inf,Inf,Inf,Inf,Inf,Inf
6899_6#23,Inf,Inf,Inf,Inf,Inf,Inf,Inf,Inf,13.6522695460907,8.62747450509891,8.34533093381318,7.81703659268143,0,4.91141771645673,Inf,Inf,Inf,Inf,Inf,Inf,Inf,Inf,Inf,Inf,Inf,Inf,Inf,Inf,Inf
6823_6#2,Inf,Inf,Inf,Inf,Inf,Inf,Inf,Inf,13.8390321935612,8.81423715256937,8.53209358128371,8.00379924015197,4.91141771645673,0,Inf,Inf,Inf,Inf,Inf,Inf,Inf,Inf,Inf,Inf,Inf,Inf,Inf,Inf,Inf
6925_3#7,Inf,Inf,Inf,Inf,Inf,Inf,Inf,Inf,Inf,Inf,Inf,Inf,Inf,Inf,0,7.55708858228365,6.10677864427122,6.26634673065386,5.70985802839432,8.0443911217756,11.3079384123174,11.5712857428513,Inf,Inf,Inf,Inf,Inf,Inf,Inf
7054_5#19,Inf,Inf,Inf,Inf,Inf,Inf,Inf,Inf,Inf,Inf,Inf,Inf,Inf,Inf,7.55708858228365,0,7.25914817036598,10.596480703859,10.0399920015995,12.374525094981,15.6380723855228,15.9014197160567,Inf,Inf,Inf,Inf,Inf,Inf,Inf
7004_5#16,Inf,Inf,Inf,Inf,Inf,Inf,Inf,Inf,Inf,Inf,Inf,Inf,Inf,Inf,6.10677864427122,7.25914817036598,0,9.14617076584667,8.58968206358721,10.9242151569684,14.1877624475105,14.4511097780443,Inf,Inf,Inf,Inf,Inf,Inf,Inf
6972_3#2,Inf,Inf,Inf,Inf,Inf,Inf,Inf,Inf,Inf,Inf,Inf,Inf,Inf,Inf,6.26634673065386,10.596480703859,9.14617076584667,0,7.30713857228561,9.64167166566663,12.9052189562086,13.1685662867428,Inf,Inf,Inf,Inf,Inf,Inf,Inf
6949_4#13,Inf,Inf,Inf,Inf,Inf,Inf,Inf,Inf,Inf,Inf,Inf,Inf,Inf,Inf,5.70985802839432,10.0399920015995,8.58968206358721,7.30713857228561,0,9.08518296340731,12.348730253949,12.612077584483,Inf,Inf,Inf,Inf,Inf,Inf,Inf
6925_4#24,Inf,Inf,Inf,Inf,Inf,Inf,Inf,Inf,Inf,Inf,Inf,Inf,Inf,Inf,8.0443911217756,12.374525094981,10.9242151569684,9.64167166566663,9.08518296340731,0,10.1881623675262,10.4515096980603,Inf,Inf,Inf,Inf,Inf,Inf,Inf
6949_2#1,Inf,Inf,Inf,Inf,Inf,Inf,Inf,Inf,Inf,Inf,Inf,Inf,Inf,Inf,11.3079384123174,15.6380723855228,14.1877624475105,12.9052189562086,12.348730253949,10.1881623675262,0,4.30093981203751,Inf,Inf,Inf,Inf,Inf,Inf,Inf
6972_2#7,Inf,Inf,Inf,Inf,Inf,Inf,Inf,Inf,Inf,Inf,Inf,Inf,Inf,Inf,11.5712857428513,15.9014197160567,14.4511097780443,13.1685662867428,12.612077584483,10.4515096980603,4.30093981203751,0,Inf,Inf,Inf,Inf,Inf,Inf,Inf
6830_3#3,Inf,Inf,Inf,Inf,Inf,Inf,Inf,Inf,Inf,Inf,Inf,Inf,Inf,Inf,Inf,Inf,Inf,Inf,Inf,Inf,Inf,Inf,0,9.32513497300539,7.93461307738454,8.4873025394921,12.0491901619674,9.58848230353922,11.9550089982004
6753_3#22,Inf,Inf,Inf,Inf,Inf,Inf,Inf,Inf,Inf,Inf,Inf,Inf,Inf,Inf,Inf,Inf,Inf,Inf,Inf,Inf,Inf,Inf,9.32513497300539,0,5.54689062187567,9.08378324335131,12.6456708658269,10.1849630073985,12.5514897020595
6731_1#3,Inf,Inf,Inf,Inf,Inf,Inf,Inf,Inf,Inf,Inf,Inf,Inf,Inf,Inf,Inf,Inf,Inf,Inf,Inf,Inf,Inf,Inf,7.93461307738454,5.54689062187567,0,7.69326134773046,11.2551489702058,8.79444111177761,11.1609678064386
6753_3#2,Inf,Inf,Inf,Inf,Inf,Inf,Inf,Inf,Inf,Inf,Inf,Inf,Inf,Inf,Inf,Inf,Inf,Inf,Inf,Inf,Inf,Inf,8.4873025394921,9.08378324335131,7.69326134773046,0,8.64567086582667,6.1849630073986,8.5514897020595
6938_8#9,Inf,Inf,Inf,Inf,Inf,Inf,Inf,Inf,Inf,Inf,Inf,Inf,Inf,Inf,Inf,Inf,Inf,Inf,Inf,Inf,Inf,Inf,12.0491901619674,12.6456708658269,11.2551489702058,8.64567086582667,0,9.7468506298739,12.113377324535
6736_5#17,Inf,Inf,Inf,Inf,Inf,Inf,Inf,Inf,Inf,Inf,Inf,Inf,Inf,Inf,Inf,Inf,Inf,Inf,Inf,Inf,Inf,Inf,9.58848230353922,10.1849630073985,8.79444111177761,6.1849630073986,9.7468506298739,0,5.01639672065589
6925_7#12,Inf,Inf,Inf,Inf,Inf,Inf,Inf,Inf,Inf,Inf,Inf,Inf,Inf,Inf,Inf,Inf,Inf,Inf,Inf,Inf,Inf,Inf,11.9550089982004,12.5514897020595,11.1609678064386,8.5514897020595,12.113377324535,5.01639672065589,0
